run:
150
1.27
FINE
DATI
0(4566,16486)
1(14516,451)
2(21106,10412)
3(21902,10415)
4(5895,2215)
5(16627,2493)
6(7609,21564)
7(904,9669)
8(7471,3100)
9(5836,13021)
10(629,2428)
11(14665,21627)
12(19732,12570)
13(5598,20999)
14(10885,19105)
15(2972,16552)
16(7808,9920)
17(20647,2428)
18(2345,18006)
19(10977,8464)
20(2788,18708)
21(9115,19224)
22(21278,10066)
23(6055,4699)
24(9315,12072)
25(14868,10415)
26(1878,21402)
27(3569,21774)
28(2807,13973)
29(8102,5897)
30(21402,19308)
31(15051,23)
32(16203,14558)
33(10257,5629)
34(10867,19242)
35(6657,7818)
36(9066,18023)
37(17057,15359)
38(4134,11465)
39(7961,1372)
40(4062,396)
41(2198,8639)
42(426,5315)
43(3029,5678)
44(18479,16507)
45(16915,7577)
46(21382,7390)
47(10373,20415)
48(16985,18250)
49(14502,17515)
50(19689,3556)
51(8273,18417)
52(1393,2824)
53(9979,8278)
54(9751,11572)
55(18216,6881)
56(1902,10594)
57(2345,17384)
58(16587,750)
59(9756,15982)
60(428,18166)
61(21134,7297)
62(15127,8793)
63(3420,13733)
64(8463,7517)
65(11337,21976)
66(13742,8761)
67(7525,13002)
68(4105,16487)
69(12488,15205)
70(195,15530)
71(2406,12747)
72(17477,7206)
73(9575,85)
74(14459,1182)
75(15000,21465)
76(10870,3411)
77(7952,13975)
78(2191,2075)
79(17437,4332)
80(5414,4886)
81(8973,15430)
82(9246,17690)
83(3945,15817)
84(8516,16172)
85(10612,6531)
86(4834,5863)
87(11152,12714)
88(15766,5066)
89(16068,6961)
90(4458,12857)
91(14794,11556)
92(5066,12040)
93(4795,2499)
94(13229,12665)
95(13719,6802)
96(14070,14378)
97(9491,9097)
98(548,12906)
99(12156,16315)
100(17976,6042)
101(184,21915)
102(18129,12487)
103(13719,10641)
104(15886,11688)
105(751,384)
106(16350,229)
107(21306,7326)
108(8430,4065)
109(14994,19505)
110(8822,4811)
111(6296,5141)
112(15165,9764)
113(10183,18678)
114(16349,9815)
115(3784,20384)
116(12984,1273)
117(325,20116)
118(19794,17602)
119(10672,17924)
120(5394,388)
121(3645,11508)
122(17261,1696)
123(9020,18898)
124(15312,4646)
125(8974,1418)
126(19314,7862)
127(19811,15122)
128(12183,18267)
129(10809,1293)
130(15079,3900)
131(17544,5764)
132(11991,18838)
133(21662,19018)
134(19741,12347)
135(15882,11822)
136(18317,1035)
137(21875,18507)
138(1325,4707)
139(12663,10522)
140(396,9223)
141(9313,11177)
142(15786,481)
143(10633,14352)
144(1459,16589)
145(19157,19685)
146(20501,17436)
147(12174,8172)
148(19575,16223)
149(19610,13827)
150(9483,7797)
68 0
83 68
63 83
71 63
98 71
140 98
42 140
138 42
52 138
10 52
105 10
15 0
57 15
18 57
60 18
20 0
115 20
27 115
28 0
121 28
38 121
41 38
43 41
93 43
4 93
120 4
144 0
70 144
78 70
90 0
92 90
16 92
97 16
53 97
150 53
85 150
33 85
76 33
129 76
73 129
9 0
67 9
24 67
54 24
141 54
19 141
147 19
66 147
62 66
89 62
45 89
72 45
55 72
100 55
50 100
17 50
84 0
81 84
59 81
143 59
87 143
94 87
91 94
104 91
135 104
114 135
126 114
61 126
107 61
46 107
51 0
36 51
82 36
113 82
14 113
34 14
132 34
128 132
49 128
48 49
44 48
148 44
127 148
77 0
69 77
96 69
32 96
37 32
149 37
12 149
134 12
2 134
22 2
3 22
13 0
6 13
65 6
11 65
75 11
145 75
30 145
133 30
137 133
123 0
21 123
47 21
109 47
118 109
146 118
117 0
101 117
26 0
119 0
99 119
25 99
112 25
131 112
79 131
122 79
136 122
56 0
7 56
86 7
80 86
8 80
39 8
35 0
64 35
29 64
110 29
108 110
125 108
116 125
74 116
1 74
31 1
106 31
139 0
103 139
95 103
124 95
88 124
130 88
5 130
58 5
142 58
111 0
23 111
40 23
102 0
Foglie=20
Rischio=82.67000000000002

INIZIO SOLUZIONE
83 0
63 83
28 63
71 28
7 71
41 7
43 41
138 43
52 138
10 52
105 10
68 0
57 68
18 57
60 18
117 60
101 117
15 0
144 15
70 144
42 70
20 0
115 20
27 115
90 0
92 90
38 92
121 38
56 121
140 56
78 140
40 78
9 0
67 9
24 67
54 24
141 54
97 141
53 97
150 53
85 150
33 85
76 33
129 76
73 129
84 0
81 84
59 81
143 59
87 143
94 87
91 94
104 91
135 104
114 135
45 114
72 45
55 72
100 55
50 100
17 50
51 0
36 51
82 36
113 82
14 113
34 14
132 34
128 132
49 128
48 49
44 48
148 44
127 148
77 0
16 77
35 16
29 35
110 29
108 110
8 108
39 8
125 39
13 0
6 13
65 6
11 65
75 11
145 75
30 145
133 30
137 133
123 0
21 123
47 21
109 47
118 109
146 118
98 0
80 98
93 80
120 93
26 0
119 0
99 119
69 99
96 69
32 96
37 32
149 37
12 149
134 12
2 134
22 2
3 22
64 0
19 64
147 19
95 147
89 95
131 89
79 131
122 79
136 122
139 0
103 139
25 103
112 25
62 112
88 62
124 88
130 124
5 130
58 5
106 58
142 106
86 0
111 86
23 111
4 23
31 4
66 0
126 66
61 126
107 61
46 107
102 0
116 0
74 116
1 74
foglie=20
rischio=80.88
FINE SOLUZIONE


INIZIO SOLUZIONE
83 0
63 83
28 63
71 28
7 71
41 7
43 41
138 43
52 138
10 52
105 10
68 0
15 68
57 15
144 57
70 144
18 0
20 18
117 20
101 117
90 0
92 90
38 92
121 38
56 121
140 56
42 140
78 42
40 78
9 0
67 9
24 67
54 24
141 54
97 141
53 97
150 53
85 150
33 85
76 33
129 76
73 129
84 0
81 84
59 81
143 59
87 143
94 87
91 94
104 91
135 104
114 135
45 114
72 45
55 72
100 55
50 100
17 50
115 0
27 115
26 27
51 0
36 51
82 36
113 82
14 113
34 14
132 34
128 132
49 128
48 49
44 48
148 44
127 148
77 0
16 77
35 16
29 35
110 29
108 110
8 108
39 8
125 39
60 0
13 0
6 13
65 6
11 65
75 11
145 75
30 145
133 30
137 133
123 0
21 123
47 21
109 47
118 109
146 118
98 0
80 98
93 80
120 93
119 0
99 119
69 99
96 69
32 96
37 32
149 37
12 149
134 12
2 134
22 2
3 22
64 0
19 64
147 19
95 147
89 95
131 89
79 131
122 79
136 122
139 0
103 139
25 103
112 25
62 112
88 62
124 88
130 124
5 130
58 5
106 58
142 106
86 0
111 86
23 111
4 23
31 4
66 0
126 66
61 126
107 61
46 107
102 0
116 0
74 116
1 74
foglie=20
rischio=80.77000000000001
FINE SOLUZIONE


INIZIO SOLUZIONE
83 0
63 83
28 63
71 28
7 71
41 7
43 41
138 43
52 138
78 52
105 78
68 0
57 68
144 57
60 144
15 0
70 15
42 70
10 42
18 0
20 18
117 20
101 117
90 0
92 90
38 92
121 38
56 121
140 56
40 140
9 0
67 9
24 67
54 24
141 54
97 141
53 97
150 53
85 150
33 85
76 33
129 76
73 129
84 0
81 84
59 81
143 59
87 143
94 87
91 94
104 91
135 104
114 135
45 114
72 45
55 72
100 55
50 100
17 50
115 0
27 115
26 27
51 0
36 51
82 36
113 82
14 113
34 14
132 34
128 132
49 128
48 49
44 48
148 44
127 148
77 0
16 77
35 16
29 35
110 29
108 110
8 108
39 8
125 39
13 0
6 13
65 6
11 65
75 11
145 75
30 145
133 30
137 133
123 0
21 123
47 21
109 47
118 109
146 118
98 0
80 98
93 80
120 93
119 0
99 119
69 99
96 69
32 96
37 32
149 37
12 149
134 12
2 134
22 2
3 22
64 0
19 64
147 19
95 147
89 95
131 89
79 131
122 79
136 122
139 0
103 139
25 103
112 25
62 112
88 62
124 88
130 124
5 130
58 5
106 58
142 106
86 0
111 86
23 111
4 23
31 4
66 0
126 66
61 126
107 61
46 107
102 0
116 0
74 116
1 74
foglie=20
rischio=79.40999999999998
FINE SOLUZIONE


INIZIO SOLUZIONE
68 0
15 68
144 15
70 144
42 70
10 42
105 10
83 0
28 83
63 28
71 63
56 71
41 56
86 41
80 86
23 80
8 23
39 8
125 39
73 125
57 0
18 57
60 18
117 60
101 117
20 0
115 20
27 115
90 0
92 90
38 92
121 38
7 121
140 7
138 140
52 138
78 52
40 78
9 0
67 9
24 67
54 24
141 54
97 141
53 97
150 53
85 150
33 85
76 33
129 76
116 129
74 116
1 74
31 1
84 0
81 84
59 81
143 59
87 143
94 87
91 94
104 91
135 104
114 135
45 114
72 45
55 72
100 55
50 100
17 50
51 0
36 51
82 36
113 82
14 113
34 14
132 34
128 132
49 128
48 49
44 48
148 44
127 148
77 0
16 77
35 16
29 35
110 29
108 110
120 108
13 0
6 13
65 6
11 65
75 11
145 75
30 145
133 30
137 133
123 0
21 123
47 21
109 47
118 109
146 118
98 0
43 98
93 43
4 93
26 0
119 0
99 119
69 99
96 69
32 96
37 32
149 37
12 149
134 12
2 134
22 2
3 22
64 0
19 64
147 19
95 147
89 95
131 89
79 131
122 79
136 122
139 0
103 139
25 103
112 25
62 112
88 62
124 88
130 124
5 130
58 5
106 58
142 106
111 0
66 0
126 66
61 126
107 61
46 107
102 0
foglie=19
rischio=85.60999999999999
FINE SOLUZIONE


INIZIO SOLUZIONE
68 0
15 68
144 15
70 144
42 70
10 42
105 10
83 0
28 83
63 28
71 63
56 71
41 56
86 41
23 86
8 23
39 8
125 39
73 125
57 0
18 57
60 18
117 60
101 117
20 0
115 20
27 115
90 0
92 90
38 92
121 38
7 121
140 7
138 140
52 138
78 52
40 78
9 0
67 9
24 67
54 24
141 54
97 141
53 97
150 53
85 150
33 85
76 33
129 76
116 129
74 116
1 74
31 1
84 0
81 84
59 81
143 59
87 143
94 87
91 94
104 91
135 104
114 135
45 114
72 45
55 72
100 55
50 100
17 50
51 0
36 51
82 36
113 82
14 113
34 14
132 34
128 132
49 128
48 49
44 48
148 44
127 148
77 0
16 77
35 16
29 35
110 29
108 110
120 108
13 0
6 13
65 6
11 65
75 11
145 75
30 145
133 30
137 133
123 0
21 123
47 21
109 47
118 109
146 118
98 0
43 98
93 43
4 93
26 0
119 0
99 119
69 99
96 69
32 96
37 32
149 37
12 149
134 12
2 134
22 2
3 22
64 0
19 64
147 19
95 147
89 95
131 89
79 131
122 79
136 122
139 0
103 139
25 103
112 25
62 112
88 62
124 88
130 124
5 130
58 5
106 58
142 106
111 0
80 111
66 0
126 66
61 126
107 61
46 107
102 0
foglie=19
rischio=84.39999999999996
FINE SOLUZIONE


INIZIO SOLUZIONE
68 0
15 68
144 15
70 144
42 70
10 42
105 10
83 0
28 83
71 28
121 71
56 121
7 56
140 7
138 140
78 138
40 78
57 0
18 57
60 18
117 60
101 117
20 0
115 20
27 115
63 0
90 63
92 90
16 92
97 16
53 97
150 53
85 150
33 85
76 33
129 76
73 129
9 0
67 9
24 67
54 24
141 54
19 141
147 19
66 147
62 66
89 62
45 89
72 45
55 72
100 55
50 100
17 50
84 0
81 84
59 81
143 59
87 143
94 87
91 94
104 91
135 104
114 135
126 114
61 126
107 61
46 107
51 0
36 51
82 36
113 82
14 113
34 14
132 34
128 132
49 128
48 49
44 48
148 44
127 148
77 0
69 77
96 69
32 96
37 32
149 37
12 149
134 12
2 134
22 2
3 22
13 0
6 13
65 6
11 65
75 11
145 75
30 145
133 30
137 133
38 0
41 38
43 41
86 43
80 86
93 80
4 93
120 4
123 0
21 123
47 21
109 47
118 109
146 118
98 0
52 98
26 0
119 0
99 119
25 99
112 25
131 112
79 131
122 79
136 122
35 0
64 35
29 64
110 29
108 110
8 108
39 8
125 39
139 0
103 139
95 103
124 95
88 124
130 88
5 130
58 5
106 58
142 106
111 0
23 111
116 23
74 116
1 74
31 1
102 0
foglie=19
rischio=83.15000000000002
FINE SOLUZIONE


INIZIO SOLUZIONE
68 0
15 68
144 15
70 144
42 70
10 42
105 10
83 0
28 83
63 28
71 63
7 71
140 7
43 140
93 43
40 93
57 0
18 57
60 18
117 60
101 117
20 0
115 20
27 115
90 0
92 90
38 92
121 38
56 121
41 56
138 41
52 138
78 52
9 0
67 9
24 67
54 24
141 54
97 141
53 97
150 53
85 150
33 85
76 33
129 76
73 129
84 0
81 84
59 81
143 59
87 143
94 87
91 94
104 91
135 104
114 135
45 114
72 45
55 72
100 55
50 100
17 50
51 0
36 51
82 36
113 82
14 113
34 14
132 34
128 132
49 128
48 49
44 48
148 44
127 148
77 0
16 77
35 16
29 35
110 29
108 110
8 108
39 8
125 39
13 0
6 13
65 6
11 65
75 11
145 75
30 145
133 30
137 133
123 0
21 123
47 21
109 47
118 109
146 118
98 0
80 98
4 80
120 4
26 0
119 0
99 119
69 99
96 69
32 96
37 32
149 37
12 149
134 12
2 134
22 2
3 22
64 0
19 64
147 19
95 147
89 95
131 89
79 131
122 79
136 122
139 0
103 139
25 103
112 25
62 112
88 62
124 88
130 124
5 130
58 5
106 58
142 106
86 0
111 86
23 111
116 23
74 116
1 74
31 1
66 0
126 66
61 126
107 61
46 107
102 0
foglie=19
rischio=81.14999999999999
FINE SOLUZIONE


INIZIO SOLUZIONE
68 0
15 68
144 15
70 144
42 70
10 42
105 10
83 0
28 83
63 28
71 63
7 71
140 7
43 140
93 43
120 93
57 0
18 57
60 18
117 60
101 117
20 0
115 20
27 115
90 0
92 90
38 92
121 38
56 121
41 56
138 41
52 138
78 52
40 78
9 0
67 9
24 67
54 24
141 54
97 141
53 97
150 53
85 150
33 85
76 33
129 76
73 129
84 0
81 84
59 81
143 59
87 143
94 87
91 94
104 91
135 104
114 135
45 114
72 45
55 72
100 55
50 100
17 50
51 0
36 51
82 36
113 82
14 113
34 14
132 34
128 132
49 128
48 49
44 48
148 44
127 148
77 0
16 77
35 16
29 35
110 29
108 110
8 108
39 8
125 39
13 0
6 13
65 6
11 65
75 11
145 75
30 145
133 30
137 133
123 0
21 123
47 21
109 47
118 109
146 118
98 0
80 98
4 80
26 0
119 0
99 119
69 99
96 69
32 96
37 32
149 37
12 149
134 12
2 134
22 2
3 22
64 0
19 64
147 19
95 147
89 95
131 89
79 131
122 79
136 122
139 0
103 139
25 103
112 25
62 112
88 62
124 88
130 124
5 130
58 5
106 58
142 106
86 0
111 86
23 111
116 23
74 116
1 74
31 1
66 0
126 66
61 126
107 61
46 107
102 0
foglie=19
rischio=81.11999999999999
FINE SOLUZIONE


INIZIO SOLUZIONE
68 0
83 68
63 83
71 63
56 71
7 56
41 7
43 41
52 43
10 52
105 10
15 0
57 15
144 57
70 144
18 0
20 18
117 20
101 117
28 0
98 28
140 98
42 140
138 42
78 138
40 78
90 0
92 90
38 92
121 38
35 121
29 35
110 29
108 110
8 108
39 8
125 39
73 125
9 0
67 9
24 67
54 24
141 54
97 141
53 97
150 53
85 150
33 85
76 33
129 76
116 129
74 116
1 74
31 1
84 0
81 84
59 81
143 59
87 143
94 87
91 94
104 91
135 104
114 135
45 114
72 45
55 72
100 55
50 100
17 50
115 0
27 115
26 27
51 0
36 51
82 36
113 82
14 113
34 14
132 34
128 132
49 128
48 49
44 48
148 44
127 148
77 0
16 77
64 16
111 64
23 111
4 23
120 4
60 0
13 0
6 13
65 6
11 65
75 11
145 75
30 145
133 30
137 133
123 0
21 123
47 21
109 47
118 109
146 118
119 0
99 119
69 99
96 69
32 96
37 32
149 37
12 149
134 12
2 134
22 2
3 22
139 0
103 139
25 103
112 25
62 112
89 62
131 89
79 131
5 79
122 5
58 122
106 58
142 106
19 0
147 19
66 147
95 66
124 95
88 124
130 88
136 130
86 0
80 86
93 80
102 0
126 102
61 126
107 61
46 107
foglie=18
rischio=84.94
FINE SOLUZIONE


INIZIO SOLUZIONE
68 0
83 68
63 83
71 63
56 71
7 56
41 7
43 41
52 43
10 52
105 10
15 0
57 15
18 57
60 18
20 0
117 20
101 117
28 0
98 28
140 98
42 140
138 42
78 138
40 78
144 0
70 144
90 0
92 90
38 92
121 38
35 121
29 35
110 29
108 110
8 108
39 8
125 39
73 125
9 0
67 9
24 67
54 24
141 54
97 141
53 97
150 53
85 150
33 85
76 33
129 76
116 129
74 116
1 74
31 1
84 0
81 84
59 81
143 59
87 143
94 87
91 94
104 91
135 104
114 135
45 114
72 45
55 72
100 55
50 100
17 50
115 0
27 115
26 27
51 0
36 51
82 36
113 82
14 113
34 14
132 34
128 132
49 128
48 49
44 48
148 44
127 148
77 0
16 77
64 16
111 64
23 111
4 23
120 4
13 0
6 13
65 6
11 65
75 11
145 75
30 145
133 30
137 133
123 0
21 123
47 21
109 47
118 109
146 118
119 0
99 119
69 99
96 69
32 96
37 32
149 37
12 149
134 12
2 134
22 2
3 22
139 0
103 139
25 103
112 25
62 112
89 62
131 89
79 131
5 79
122 5
58 122
106 58
142 106
19 0
147 19
66 147
95 66
124 95
88 124
130 88
136 130
86 0
80 86
93 80
102 0
126 102
61 126
107 61
46 107
foglie=18
rischio=84.19
FINE SOLUZIONE


INIZIO SOLUZIONE
68 0
83 68
63 83
71 63
56 71
7 56
41 7
43 41
52 43
78 52
105 78
15 0
57 15
18 57
60 18
20 0
117 20
101 117
28 0
98 28
140 98
42 140
138 42
10 138
144 0
70 144
40 70
90 0
92 90
38 92
121 38
35 121
29 35
110 29
108 110
8 108
39 8
125 39
73 125
9 0
67 9
24 67
54 24
141 54
97 141
53 97
150 53
85 150
33 85
76 33
129 76
116 129
74 116
1 74
31 1
84 0
81 84
59 81
143 59
87 143
94 87
91 94
104 91
135 104
114 135
45 114
72 45
55 72
100 55
50 100
17 50
115 0
27 115
26 27
51 0
36 51
82 36
113 82
14 113
34 14
132 34
128 132
49 128
48 49
44 48
148 44
127 148
77 0
16 77
64 16
111 64
23 111
4 23
120 4
13 0
6 13
65 6
11 65
75 11
145 75
30 145
133 30
137 133
123 0
21 123
47 21
109 47
118 109
146 118
119 0
99 119
69 99
96 69
32 96
37 32
149 37
12 149
134 12
2 134
22 2
3 22
139 0
103 139
25 103
112 25
62 112
89 62
131 89
79 131
5 79
122 5
58 122
106 58
142 106
19 0
147 19
66 147
95 66
124 95
88 124
130 88
136 130
86 0
80 86
93 80
102 0
126 102
61 126
107 61
46 107
foglie=18
rischio=83.91999999999999
FINE SOLUZIONE


INIZIO SOLUZIONE
68 0
83 68
63 83
71 63
56 71
7 56
41 7
43 41
138 43
52 138
78 52
105 78
15 0
57 15
144 57
70 144
18 0
20 18
117 20
101 117
28 0
98 28
140 98
42 140
10 42
40 10
90 0
92 90
38 92
121 38
35 121
29 35
110 29
108 110
8 108
39 8
125 39
73 125
9 0
67 9
24 67
54 24
141 54
97 141
53 97
150 53
85 150
33 85
76 33
129 76
116 129
74 116
1 74
31 1
84 0
81 84
59 81
143 59
87 143
94 87
91 94
104 91
135 104
114 135
45 114
72 45
55 72
100 55
50 100
17 50
115 0
27 115
26 27
51 0
36 51
82 36
113 82
14 113
34 14
132 34
128 132
49 128
48 49
44 48
148 44
127 148
77 0
16 77
64 16
111 64
23 111
4 23
120 4
60 0
13 0
6 13
65 6
11 65
75 11
145 75
30 145
133 30
137 133
123 0
21 123
47 21
109 47
118 109
146 118
119 0
99 119
69 99
96 69
32 96
37 32
149 37
12 149
134 12
2 134
22 2
3 22
139 0
103 139
25 103
112 25
62 112
89 62
131 89
79 131
5 79
122 5
58 122
106 58
142 106
19 0
147 19
66 147
95 66
124 95
88 124
130 88
136 130
86 0
80 86
93 80
102 0
126 102
61 126
107 61
46 107
foglie=18
rischio=82.85
FINE SOLUZIONE


INIZIO SOLUZIONE
68 0
83 68
63 83
71 63
56 71
41 56
43 41
80 43
93 80
4 93
120 4
15 0
57 15
18 57
60 18
20 0
117 20
101 117
28 0
98 28
7 98
140 7
42 140
138 42
52 138
10 52
105 10
144 0
70 144
78 70
90 0
92 90
38 92
121 38
35 121
29 35
110 29
108 110
8 108
39 8
125 39
73 125
9 0
67 9
24 67
54 24
141 54
97 141
53 97
150 53
85 150
33 85
76 33
129 76
116 129
74 116
1 74
31 1
84 0
81 84
59 81
143 59
87 143
94 87
91 94
104 91
135 104
114 135
45 114
72 45
55 72
100 55
50 100
17 50
115 0
27 115
26 27
51 0
36 51
82 36
113 82
14 113
34 14
132 34
128 132
49 128
48 49
44 48
148 44
127 148
77 0
16 77
64 16
111 64
23 111
40 23
13 0
6 13
65 6
11 65
75 11
145 75
30 145
133 30
137 133
123 0
21 123
47 21
109 47
118 109
146 118
119 0
99 119
69 99
96 69
32 96
37 32
149 37
12 149
134 12
2 134
22 2
3 22
139 0
103 139
25 103
112 25
62 112
89 62
131 89
79 131
5 79
122 5
58 122
106 58
142 106
19 0
147 19
66 147
95 66
124 95
88 124
130 88
136 130
86 0
102 0
126 102
61 126
107 61
46 107
foglie=18
rischio=82.18999999999998
FINE SOLUZIONE


INIZIO SOLUZIONE
68 0
15 68
144 15
70 144
42 70
10 42
105 10
83 0
63 83
90 63
38 90
121 38
41 121
86 41
80 86
93 80
4 93
120 4
57 0
18 57
60 18
117 60
101 117
20 0
115 20
27 115
28 0
71 28
98 71
7 98
140 7
138 140
52 138
78 52
40 78
9 0
92 9
16 92
97 16
53 97
150 53
85 150
33 85
76 33
129 76
73 129
84 0
81 84
59 81
143 59
87 143
94 87
91 94
104 91
135 104
114 135
45 114
72 45
55 72
100 55
50 100
17 50
51 0
36 51
82 36
113 82
14 113
34 14
132 34
128 132
49 128
48 49
44 48
148 44
127 148
77 0
67 77
24 67
54 24
141 54
19 141
147 19
66 147
62 66
89 62
131 89
79 131
5 79
122 5
136 122
13 0
6 13
65 6
11 65
75 11
145 75
30 145
133 30
137 133
123 0
21 123
47 21
109 47
118 109
146 118
26 0
119 0
99 119
69 99
96 69
32 96
37 32
149 37
12 149
134 12
2 134
22 2
3 22
56 0
43 56
23 43
8 23
39 8
125 39
35 0
64 35
29 64
110 29
108 110
116 108
74 116
1 74
31 1
142 31
106 142
58 106
139 0
103 139
25 103
112 25
95 112
124 95
88 124
111 0
130 111
102 0
126 102
61 126
107 61
46 107
foglie=18
rischio=81.62999999999998
FINE SOLUZIONE


INIZIO SOLUZIONE
68 0
83 68
28 83
71 28
98 71
140 98
138 140
52 138
78 52
40 78
15 0
57 15
18 57
60 18
20 0
117 20
101 117
63 0
90 63
92 90
16 92
97 16
53 97
150 53
85 150
33 85
76 33
129 76
73 129
144 0
70 144
42 70
10 42
105 10
9 0
67 9
24 67
54 24
141 54
19 141
147 19
66 147
62 66
89 62
45 89
72 45
55 72
100 55
50 100
17 50
84 0
81 84
59 81
143 59
87 143
94 87
91 94
104 91
135 104
114 135
126 114
61 126
107 61
46 107
115 0
27 115
26 27
51 0
36 51
82 36
113 82
14 113
34 14
132 34
128 132
49 128
48 49
44 48
148 44
127 148
77 0
69 77
96 69
32 96
37 32
149 37
12 149
134 12
2 134
22 2
3 22
13 0
6 13
65 6
11 65
75 11
145 75
30 145
133 30
137 133
38 0
121 38
56 121
7 56
43 7
93 43
4 93
120 4
123 0
21 123
47 21
109 47
118 109
146 118
119 0
99 119
25 99
112 25
131 112
79 131
122 79
136 122
41 0
86 41
80 86
23 80
111 23
8 111
39 8
125 39
35 0
64 35
29 64
110 29
108 110
116 108
74 116
1 74
31 1
142 31
106 142
58 106
139 0
103 139
95 103
124 95
88 124
130 88
5 130
102 0
foglie=18
rischio=81.28999999999998
FINE SOLUZIONE


INIZIO SOLUZIONE
144 0
70 144
42 70
10 42
105 10
68 0
15 68
57 15
60 57
101 60
83 0
63 83
90 63
38 90
121 38
41 121
86 41
80 86
93 80
4 93
120 4
18 0
20 18
117 20
28 0
71 28
98 71
7 98
140 7
138 140
52 138
78 52
40 78
9 0
92 9
16 92
97 16
53 97
150 53
85 150
33 85
76 33
129 76
73 129
84 0
81 84
59 81
143 59
87 143
94 87
91 94
104 91
135 104
114 135
45 114
72 45
55 72
100 55
50 100
17 50
115 0
27 115
26 27
51 0
36 51
82 36
113 82
14 113
34 14
132 34
128 132
49 128
48 49
44 48
148 44
127 148
77 0
67 77
24 67
54 24
141 54
19 141
147 19
66 147
62 66
89 62
131 89
79 131
5 79
122 5
136 122
13 0
6 13
65 6
11 65
75 11
145 75
30 145
133 30
137 133
123 0
21 123
47 21
109 47
118 109
146 118
119 0
99 119
69 99
96 69
32 96
37 32
149 37
12 149
134 12
2 134
22 2
3 22
56 0
43 56
23 43
8 23
39 8
125 39
35 0
64 35
29 64
110 29
108 110
116 108
74 116
1 74
31 1
142 31
106 142
58 106
139 0
103 139
25 103
112 25
95 112
124 95
88 124
111 0
130 111
102 0
126 102
61 126
107 61
46 107
foglie=18
rischio=80.66000000000001
FINE SOLUZIONE


INIZIO SOLUZIONE
15 0
144 15
70 144
42 70
10 42
105 10
68 0
83 68
63 83
121 63
56 121
41 56
86 41
80 86
93 80
4 93
120 4
57 0
18 57
60 18
117 60
101 117
20 0
115 20
27 115
28 0
71 28
98 71
7 98
140 7
138 140
52 138
78 52
40 78
90 0
92 90
38 92
35 38
64 35
29 64
110 29
108 110
8 108
39 8
73 39
9 0
67 9
24 67
54 24
141 54
97 141
53 97
150 53
85 150
33 85
76 33
129 76
116 129
74 116
1 74
31 1
84 0
81 84
59 81
143 59
87 143
94 87
91 94
104 91
135 104
114 135
45 114
72 45
55 72
100 55
50 100
17 50
51 0
36 51
82 36
113 82
14 113
34 14
132 34
128 132
49 128
48 49
44 48
148 44
127 148
77 0
16 77
19 16
147 19
66 147
62 66
89 62
131 89
79 131
5 79
122 5
136 122
13 0
6 13
65 6
11 65
75 11
145 75
30 145
133 30
137 133
123 0
21 123
47 21
109 47
118 109
146 118
26 0
119 0
99 119
69 99
96 69
32 96
37 32
149 37
12 149
134 12
2 134
22 2
3 22
139 0
103 139
25 103
112 25
95 112
124 95
88 124
58 88
106 58
43 0
23 43
125 23
111 0
130 111
142 130
102 0
126 102
61 126
107 61
46 107
foglie=18
rischio=80.27999999999999
FINE SOLUZIONE


INIZIO SOLUZIONE
15 0
144 15
70 144
42 70
10 42
105 10
68 0
83 68
63 83
121 63
56 121
41 56
86 41
80 86
93 80
120 93
40 120
57 0
18 57
60 18
117 60
101 117
20 0
115 20
27 115
28 0
71 28
98 71
7 98
140 7
138 140
52 138
78 52
90 0
92 90
38 92
35 38
64 35
29 64
110 29
108 110
8 108
39 8
73 39
9 0
67 9
24 67
54 24
141 54
97 141
53 97
150 53
85 150
33 85
76 33
129 76
116 129
74 116
1 74
31 1
84 0
81 84
59 81
143 59
87 143
94 87
91 94
104 91
135 104
114 135
45 114
72 45
55 72
100 55
50 100
17 50
51 0
36 51
82 36
113 82
14 113
34 14
132 34
128 132
49 128
48 49
44 48
148 44
127 148
77 0
16 77
19 16
147 19
66 147
62 66
89 62
131 89
79 131
5 79
122 5
136 122
13 0
6 13
65 6
11 65
75 11
145 75
30 145
133 30
137 133
123 0
21 123
47 21
109 47
118 109
146 118
26 0
119 0
99 119
69 99
96 69
32 96
37 32
149 37
12 149
134 12
2 134
22 2
3 22
139 0
103 139
25 103
112 25
95 112
124 95
88 124
58 88
106 58
43 0
23 43
4 23
125 4
111 0
130 111
142 130
102 0
126 102
61 126
107 61
46 107
foglie=18
rischio=79.87999999999997
FINE SOLUZIONE


INIZIO SOLUZIONE
15 0
144 15
70 144
42 70
10 42
105 10
68 0
83 68
63 83
121 63
56 121
41 56
86 41
80 86
93 80
120 93
40 120
57 0
60 57
101 60
18 0
20 18
117 20
28 0
71 28
98 71
7 98
140 7
138 140
52 138
78 52
90 0
92 90
38 92
35 38
64 35
29 64
110 29
108 110
8 108
39 8
73 39
9 0
67 9
24 67
54 24
141 54
97 141
53 97
150 53
85 150
33 85
76 33
129 76
116 129
74 116
1 74
31 1
84 0
81 84
59 81
143 59
87 143
94 87
91 94
104 91
135 104
114 135
45 114
72 45
55 72
100 55
50 100
17 50
115 0
27 115
26 27
51 0
36 51
82 36
113 82
14 113
34 14
132 34
128 132
49 128
48 49
44 48
148 44
127 148
77 0
16 77
19 16
147 19
66 147
62 66
89 62
131 89
79 131
5 79
122 5
136 122
13 0
6 13
65 6
11 65
75 11
145 75
30 145
133 30
137 133
123 0
21 123
47 21
109 47
118 109
146 118
119 0
99 119
69 99
96 69
32 96
37 32
149 37
12 149
134 12
2 134
22 2
3 22
139 0
103 139
25 103
112 25
95 112
124 95
88 124
58 88
106 58
43 0
23 43
4 23
125 4
111 0
130 111
142 130
102 0
126 102
61 126
107 61
46 107
foglie=18
rischio=79.63999999999997
FINE SOLUZIONE


INIZIO SOLUZIONE
15 0
144 15
70 144
42 70
10 42
105 10
68 0
83 68
63 83
121 63
56 121
41 56
86 41
80 86
93 80
120 93
40 120
57 0
18 57
60 18
101 60
20 0
117 20
28 0
71 28
98 71
7 98
140 7
138 140
52 138
78 52
90 0
92 90
38 92
35 38
64 35
29 64
110 29
108 110
8 108
39 8
73 39
9 0
67 9
24 67
54 24
141 54
97 141
53 97
150 53
85 150
33 85
76 33
129 76
116 129
74 116
1 74
31 1
84 0
81 84
59 81
143 59
87 143
94 87
91 94
104 91
135 104
114 135
45 114
72 45
55 72
100 55
50 100
17 50
115 0
27 115
26 27
51 0
36 51
82 36
113 82
14 113
34 14
132 34
128 132
49 128
48 49
44 48
148 44
127 148
77 0
16 77
19 16
147 19
66 147
62 66
89 62
131 89
79 131
5 79
122 5
136 122
13 0
6 13
65 6
11 65
75 11
145 75
30 145
133 30
137 133
123 0
21 123
47 21
109 47
118 109
146 118
119 0
99 119
69 99
96 69
32 96
37 32
149 37
12 149
134 12
2 134
22 2
3 22
139 0
103 139
25 103
112 25
95 112
124 95
88 124
58 88
106 58
43 0
23 43
4 23
125 4
111 0
130 111
142 130
102 0
126 102
61 126
107 61
46 107
foglie=18
rischio=79.37999999999998
FINE SOLUZIONE


INIZIO SOLUZIONE
15 0
144 15
70 144
42 70
10 42
105 10
68 0
83 68
28 83
98 28
7 98
140 7
138 140
52 138
78 52
40 78
57 0
18 57
117 18
101 117
20 0
60 20
63 0
71 63
56 71
41 56
43 41
86 43
80 86
93 80
120 93
90 0
92 90
38 92
121 38
35 121
29 35
110 29
108 110
8 108
39 8
125 39
73 125
9 0
67 9
24 67
54 24
141 54
97 141
53 97
150 53
85 150
33 85
76 33
129 76
116 129
74 116
1 74
31 1
84 0
81 84
59 81
143 59
87 143
94 87
91 94
104 91
135 104
114 135
45 114
72 45
55 72
100 55
50 100
17 50
115 0
27 115
26 27
51 0
36 51
82 36
113 82
14 113
34 14
132 34
128 132
49 128
48 49
44 48
148 44
127 148
77 0
16 77
64 16
111 64
23 111
4 23
13 0
6 13
65 6
11 65
75 11
145 75
30 145
133 30
137 133
123 0
21 123
47 21
109 47
118 109
146 118
119 0
99 119
69 99
96 69
32 96
37 32
149 37
12 149
134 12
2 134
22 2
3 22
139 0
103 139
25 103
112 25
62 112
89 62
131 89
79 131
5 79
122 5
58 122
106 58
142 106
19 0
147 19
66 147
95 66
124 95
88 124
130 88
136 130
102 0
126 102
61 126
107 61
46 107
foglie=17
rischio=84.20999999999998
FINE SOLUZIONE


INIZIO SOLUZIONE
15 0
144 15
70 144
42 70
10 42
105 10
68 0
83 68
28 83
98 28
7 98
140 7
138 140
52 138
78 52
40 78
57 0
18 57
60 18
101 60
20 0
117 20
63 0
71 63
56 71
41 56
43 41
86 43
80 86
93 80
120 93
90 0
92 90
38 92
121 38
35 121
29 35
110 29
108 110
8 108
39 8
125 39
73 125
9 0
67 9
24 67
54 24
141 54
97 141
53 97
150 53
85 150
33 85
76 33
129 76
116 129
74 116
1 74
31 1
84 0
81 84
59 81
143 59
87 143
94 87
91 94
104 91
135 104
114 135
45 114
72 45
55 72
100 55
50 100
17 50
115 0
27 115
26 27
51 0
36 51
82 36
113 82
14 113
34 14
132 34
128 132
49 128
48 49
44 48
148 44
127 148
77 0
16 77
64 16
111 64
23 111
4 23
13 0
6 13
65 6
11 65
75 11
145 75
30 145
133 30
137 133
123 0
21 123
47 21
109 47
118 109
146 118
119 0
99 119
69 99
96 69
32 96
37 32
149 37
12 149
134 12
2 134
22 2
3 22
139 0
103 139
25 103
112 25
62 112
89 62
131 89
79 131
5 79
122 5
58 122
106 58
142 106
19 0
147 19
66 147
95 66
124 95
88 124
130 88
136 130
102 0
126 102
61 126
107 61
46 107
foglie=17
rischio=83.27999999999999
FINE SOLUZIONE


INIZIO SOLUZIONE
15 0
144 15
70 144
42 70
10 42
105 10
68 0
83 68
28 83
98 28
7 98
140 7
138 140
52 138
78 52
40 78
57 0
18 57
60 18
101 60
20 0
117 20
63 0
90 63
38 90
121 38
35 121
111 35
23 111
8 23
39 8
125 39
73 125
9 0
92 9
16 92
97 16
53 97
150 53
85 150
33 85
76 33
129 76
116 129
74 116
1 74
31 1
106 31
84 0
81 84
59 81
143 59
87 143
94 87
91 94
104 91
135 104
114 135
45 114
72 45
55 72
100 55
50 100
17 50
115 0
27 115
26 27
51 0
36 51
82 36
113 82
14 113
34 14
132 34
128 132
49 128
48 49
44 48
148 44
127 148
77 0
67 77
24 67
54 24
141 54
19 141
147 19
66 147
62 66
89 62
131 89
79 131
5 79
122 5
136 122
71 0
56 71
41 56
43 41
86 43
80 86
93 80
4 93
120 4
13 0
6 13
65 6
11 65
75 11
145 75
30 145
133 30
137 133
123 0
21 123
47 21
109 47
118 109
146 118
119 0
99 119
69 99
96 69
32 96
37 32
149 37
12 149
134 12
2 134
22 2
3 22
64 0
29 64
110 29
108 110
130 108
142 130
58 142
139 0
103 139
25 103
112 25
95 112
124 95
88 124
102 0
126 102
61 126
107 61
46 107
foglie=17
rischio=82.39000000000001
FINE SOLUZIONE


INIZIO SOLUZIONE
15 0
144 15
70 144
42 70
10 42
105 10
68 0
83 68
28 83
98 28
7 98
140 7
138 140
52 138
78 52
40 78
57 0
18 57
60 18
101 60
20 0
117 20
63 0
90 63
38 90
121 38
35 121
111 35
23 111
4 23
39 4
73 39
9 0
67 9
141 67
97 141
53 97
150 53
85 150
33 85
76 33
129 76
116 129
74 116
1 74
31 1
142 31
106 142
84 0
81 84
59 81
143 59
87 143
94 87
91 94
104 91
135 104
114 135
45 114
72 45
55 72
100 55
50 100
17 50
115 0
27 115
26 27
51 0
36 51
82 36
113 82
14 113
34 14
132 34
128 132
49 128
48 49
44 48
148 44
127 148
77 0
24 77
54 24
139 54
103 139
25 103
112 25
62 112
89 62
131 89
79 131
5 79
122 5
58 122
136 58
71 0
56 71
41 56
43 41
86 43
80 86
93 80
120 93
92 0
16 92
64 16
29 64
110 29
108 110
8 108
125 8
13 0
6 13
65 6
11 65
75 11
145 75
30 145
133 30
137 133
123 0
21 123
47 21
109 47
118 109
146 118
119 0
99 119
69 99
96 69
32 96
37 32
149 37
12 149
134 12
2 134
22 2
3 22
19 0
147 19
66 147
95 66
124 95
88 124
130 88
102 0
126 102
61 126
107 61
46 107
foglie=17
rischio=82.13000000000002
FINE SOLUZIONE


INIZIO SOLUZIONE
15 0
144 15
70 144
42 70
10 42
105 10
68 0
83 68
28 83
98 28
7 98
140 7
138 140
52 138
78 52
40 78
57 0
18 57
60 18
101 60
20 0
117 20
63 0
90 63
38 90
121 38
35 121
111 35
80 111
4 80
39 4
73 39
9 0
92 9
16 92
64 16
29 64
110 29
108 110
8 108
125 8
129 125
1 129
31 1
84 0
81 84
59 81
143 59
87 143
94 87
91 94
104 91
135 104
114 135
45 114
72 45
55 72
100 55
50 100
17 50
115 0
27 115
26 27
51 0
36 51
82 36
113 82
14 113
34 14
132 34
128 132
49 128
48 49
44 48
148 44
127 148
77 0
67 77
24 67
54 24
141 54
97 141
53 97
150 53
85 150
33 85
76 33
116 76
74 116
142 74
106 142
58 106
136 58
71 0
56 71
41 56
43 41
86 43
23 86
93 23
120 93
13 0
6 13
65 6
11 65
75 11
145 75
30 145
133 30
137 133
123 0
21 123
47 21
109 47
118 109
146 118
119 0
99 119
69 99
96 69
32 96
37 32
149 37
12 149
134 12
2 134
22 2
3 22
139 0
103 139
25 103
112 25
62 112
89 62
131 89
79 131
5 79
122 5
19 0
147 19
66 147
95 66
124 95
88 124
130 88
102 0
126 102
61 126
107 61
46 107
foglie=17
rischio=81.72999999999998
FINE SOLUZIONE


INIZIO SOLUZIONE
15 0
144 15
70 144
42 70
10 42
105 10
68 0
83 68
28 83
98 28
7 98
140 7
138 140
52 138
78 52
40 78
57 0
18 57
60 18
101 60
20 0
117 20
63 0
90 63
38 90
121 38
35 121
111 35
23 111
4 23
39 4
73 39
9 0
92 9
16 92
64 16
29 64
110 29
108 110
8 108
125 8
129 125
1 129
31 1
84 0
81 84
59 81
143 59
87 143
94 87
91 94
104 91
135 104
114 135
45 114
72 45
55 72
100 55
50 100
17 50
115 0
27 115
26 27
51 0
36 51
82 36
113 82
14 113
34 14
132 34
128 132
49 128
48 49
44 48
148 44
127 148
77 0
67 77
24 67
54 24
141 54
97 141
53 97
150 53
85 150
33 85
76 33
116 76
74 116
142 74
106 142
58 106
136 58
71 0
56 71
41 56
43 41
86 43
80 86
93 80
120 93
13 0
6 13
65 6
11 65
75 11
145 75
30 145
133 30
137 133
123 0
21 123
47 21
109 47
118 109
146 118
119 0
99 119
69 99
96 69
32 96
37 32
149 37
12 149
134 12
2 134
22 2
3 22
139 0
103 139
25 103
112 25
62 112
89 62
131 89
79 131
5 79
122 5
19 0
147 19
66 147
95 66
124 95
88 124
130 88
102 0
126 102
61 126
107 61
46 107
foglie=17
rischio=81.59999999999997
FINE SOLUZIONE


INIZIO SOLUZIONE
15 0
144 15
70 144
42 70
10 42
105 10
68 0
83 68
28 83
98 28
7 98
140 7
138 140
52 138
78 52
40 78
57 0
18 57
60 18
101 60
20 0
117 20
63 0
90 63
38 90
121 38
35 121
111 35
23 111
8 23
39 8
125 39
73 125
9 0
92 9
16 92
97 16
150 97
53 150
85 53
33 85
76 33
129 76
116 129
1 116
31 1
106 31
84 0
81 84
59 81
143 59
87 143
94 87
91 94
104 91
135 104
114 135
45 114
72 45
55 72
100 55
50 100
17 50
115 0
27 115
26 27
51 0
36 51
82 36
113 82
14 113
34 14
132 34
128 132
49 128
48 49
44 48
148 44
127 148
77 0
67 77
24 67
54 24
141 54
19 141
147 19
66 147
62 66
89 62
131 89
79 131
5 79
122 5
136 122
71 0
56 71
41 56
43 41
86 43
80 86
93 80
4 93
120 4
13 0
6 13
65 6
11 65
75 11
145 75
30 145
133 30
137 133
123 0
21 123
47 21
109 47
118 109
146 118
119 0
99 119
69 99
96 69
32 96
37 32
149 37
12 149
134 12
2 134
22 2
3 22
64 0
29 64
110 29
108 110
130 108
74 130
142 74
139 0
103 139
25 103
112 25
95 112
124 95
88 124
58 88
102 0
126 102
61 126
107 61
46 107
foglie=17
rischio=81.31000000000002
FINE SOLUZIONE


INIZIO SOLUZIONE
15 0
144 15
70 144
42 70
10 42
105 10
68 0
83 68
28 83
98 28
7 98
140 7
138 140
52 138
78 52
40 78
57 0
18 57
60 18
101 60
20 0
117 20
63 0
90 63
38 90
121 38
35 121
111 35
23 111
4 23
39 4
73 39
9 0
67 9
141 67
97 141
150 97
53 150
85 53
33 85
76 33
129 76
116 129
74 116
1 74
31 1
84 0
81 84
59 81
143 59
87 143
94 87
91 94
104 91
135 104
114 135
45 114
72 45
55 72
100 55
50 100
17 50
115 0
27 115
26 27
51 0
36 51
82 36
113 82
14 113
34 14
132 34
128 132
49 128
48 49
44 48
148 44
127 148
77 0
24 77
54 24
139 54
103 139
25 103
112 25
62 112
89 62
131 89
79 131
5 79
122 5
58 122
106 58
71 0
56 71
41 56
43 41
86 43
80 86
93 80
120 93
92 0
16 92
64 16
29 64
110 29
108 110
8 108
125 8
142 125
13 0
6 13
65 6
11 65
75 11
145 75
30 145
133 30
137 133
123 0
21 123
47 21
109 47
118 109
146 118
119 0
99 119
69 99
96 69
32 96
37 32
149 37
12 149
134 12
2 134
22 2
3 22
19 0
147 19
66 147
95 66
124 95
88 124
130 88
136 130
102 0
126 102
61 126
107 61
46 107
foglie=17
rischio=80.92000000000002
FINE SOLUZIONE


INIZIO SOLUZIONE
15 0
144 15
70 144
42 70
10 42
105 10
68 0
83 68
28 83
98 28
7 98
140 7
138 140
52 138
78 52
40 78
57 0
18 57
60 18
101 60
20 0
117 20
63 0
90 63
38 90
121 38
35 121
111 35
23 111
8 23
39 8
73 39
9 0
67 9
141 67
97 141
150 97
53 150
85 53
33 85
129 33
116 129
74 116
1 74
31 1
84 0
81 84
59 81
143 59
87 143
94 87
91 94
104 91
135 104
114 135
45 114
72 45
55 72
100 55
50 100
17 50
115 0
27 115
26 27
51 0
36 51
82 36
113 82
14 113
34 14
132 34
128 132
49 128
48 49
44 48
148 44
127 148
77 0
24 77
54 24
139 54
103 139
25 103
112 25
62 112
89 62
131 89
79 131
5 79
122 5
58 122
106 58
71 0
56 71
41 56
43 41
86 43
80 86
93 80
4 93
120 4
92 0
16 92
64 16
29 64
110 29
108 110
76 108
125 76
13 0
6 13
65 6
11 65
75 11
145 75
30 145
133 30
137 133
123 0
21 123
47 21
109 47
118 109
146 118
119 0
99 119
69 99
96 69
32 96
37 32
149 37
12 149
134 12
2 134
22 2
3 22
19 0
147 19
66 147
95 66
124 95
88 124
130 88
142 130
136 142
102 0
126 102
61 126
107 61
46 107
foglie=17
rischio=80.90000000000002
FINE SOLUZIONE


INIZIO SOLUZIONE
15 0
144 15
70 144
42 70
10 42
105 10
68 0
83 68
28 83
98 28
7 98
140 7
138 140
52 138
78 52
40 78
57 0
18 57
60 18
101 60
20 0
117 20
63 0
90 63
38 90
121 38
35 121
111 35
23 111
8 23
39 8
125 39
73 125
9 0
92 9
16 92
97 16
150 97
53 150
85 53
33 85
129 33
116 129
74 116
1 74
31 1
84 0
81 84
59 81
143 59
87 143
94 87
91 94
104 91
135 104
114 135
45 114
72 45
55 72
100 55
50 100
17 50
115 0
27 115
26 27
51 0
36 51
82 36
113 82
14 113
34 14
132 34
128 132
49 128
48 49
44 48
148 44
127 148
77 0
67 77
24 67
54 24
141 54
19 141
147 19
66 147
62 66
89 62
131 89
79 131
5 79
122 5
136 122
71 0
56 71
41 56
43 41
86 43
80 86
93 80
4 93
120 4
13 0
6 13
65 6
11 65
75 11
145 75
30 145
133 30
137 133
123 0
21 123
47 21
109 47
118 109
146 118
119 0
99 119
69 99
96 69
32 96
37 32
149 37
12 149
134 12
2 134
22 2
3 22
64 0
29 64
110 29
108 110
76 108
130 76
142 130
106 142
58 106
139 0
103 139
25 103
112 25
95 112
124 95
88 124
102 0
126 102
61 126
107 61
46 107
foglie=17
rischio=80.37
FINE SOLUZIONE

